213659 795185 562954 407323 926629 665867 979459 390689 510611 550949 584054 871872 264231 504029 669129 801092 998150 355835 739910 397620 995398 879093 137256 473414 769830 533152 981015 576458 381965 850689 618513 150543
151579 649418 190101 602292 367131 499214 809021 818101 273798 223369 307296 850631 899489 894173 267754 381845 415756 903687 983807 705324 627309 199118 748369 767233 947543 268072 341165 389700 586179 229506 985914 417699
988586 486358 758517 921900 909313 363476 457938 904126 654283 104232 574164 641695 276080 857948 101949 211671 389101 984333 219036 252412 318702 380288 374698 793109 763303 836440 465169 443925 580502 830042 198609 813580
318304 861219 813257 817409 463775 824871 349912 352118 934623 695740 510606 215562 930734 959931 435031 660544 651801 694608 683102 605791 128213 583317 913373 670777 536957 528848 273171 730212 845724 786272 359395 384384
495004 167113 977849 150931 699634 440111 425448 986048 741601 938789 732005 679181 849621 601289 841635 495808 491931 279985 609772 610806 674684 156211 649375 864256 610090 894166 146364 187789 367089 848596 949666 654398
528723 552412 124380 670632 606271 743707 628315 151839 670843 802678 794786 856286 113559 524310 697774 741873 540869 990570 971287 310324 860989 626789 389483 133030 449811 538109 987120 382999 556177 677006 393800 781170
395834 992292 100782 619193 131896 365119 303910 187447 534820 296595 246673 262297 731513 956024 339635 539940 915705 932232 413030 416590 645533 679942 651785 849672 143945 136907 281926 596485 484940 168650 751846 717527
245004 499083 530702 297486 338615 571618 943243 360041 877213 263737 847343 223400 882841 145457 711480 159747 529946 978072 842057 247164 612323 884872 688326 246972 474275 138802 544720 799784 651194 725489 974688 334043
752375 654901 650406 487840 978972 529677 959065 368035 414865 518443 331093 550937 430314 804929 245255 784095 232967 140128 212327 669702 681672 631798 663626 896629 664708 764646 472123 586999 214130 672497 853359 654963
270803 514997 793410 657928 284194 652909 145709 941671 390765 823797 408078 505170 187038 309316 502058 862402 228285 136696 678576 151306 145694 245971 100794 354497 878733 680717 109998 753525 618071 846104 144916 728036
639536 246410 184319 920302 197364 369652 190233 802662 408824 198029 247236 111013 853671 917538 557057 794792 661773 203750 757390 504913 551071 364712 785920 638551 828918 673730 789309 372897 894320 494514 446146 807514
322178 106952 824830 678848 411728 571199 922308 886584 645198 319741 175027 692700 219034 101276 183929 322425 847363 181202 582900 936936 781725 785799 225025 998933 249470 587367 911023 727585 751244 451410 713713 294467
520358 627827 395227 274510 440717 535825 248271 134853 469816 338026 944050 380431 466226 259420 110399 240771 222708 823365 624218 659178 784546 530468 649262 630926 510668 741090 178304 988326 302156 654948 295283 218635
999893 793705 248126 514128 382033 649369 140080 514111 687281 649568 783887 520648 726379 160716 633683 851271 720652 420618 440341 401665 199023 833447 461890 195341 561394 512084 165006 335237 230045 604835 662096 562363
999550 872852 617293 512291 133940 107803 832087 938580 757713 540659 965225 432002 157984 659387 256941 277467 654347 186348 280170 634989 302471 360112 999270 147719 594103 197862 221066 443293 763064 183457 652304 762651
112385 803759 438559 697145 692211 924103 266637 587354 272372 842229 685496 199881 788733 389924 239039 592081 758355 899899 302472 440259 735635 133709 613794 289534 542242 638790 834923 738849 390548 620789 324905 402950
280036 642271 677234 869957 544146 239876 301170 298854 604629 519553 576411 999029 200816 712744 216582 599409 400897 420076 395991 356833 731233 440701 644751 194287 617760 771865 499244 373131 656736 904491 390269 133618
940010 102157 949800 448381 383384 544336 947788 639207 122715 398885 274290 215230 538896 122280 635610 664731 865694 208267 541549 259166 759847 539508 222416 838060 160632 803406 638561 435761 800733 651249 250455 601261
478253 849879 380542 366288 157646 108321 422095 417259 475370 429155 968402 492729 609423 133752 973415 561505 833059 247264 706050 686927 776669 658664 710876 287275 572942 844186 894313 461226 509964 642359 574275 341160
745886 177329 891248 286190 171646 689871 875595 855902 501030 841396 787498 714375 499742 687774 936914 699930 385566 115740 693737 866516 701012 430807 835918 675266 270101 523245 773710 835716 790177 579920 175527 926001
547197 272576 108593 882206 881553 372854 503093 227944 458196 134916 851240 766247 939256 700546 203416 784943 889417 147231 189177 714759 608955 568984 567907 848080 211894 294300 473522 139299 330901 316594 373392 217373
843799 329867 190692 923172 583833 704463 806707 746498 627020 567038 647834 590945 698113 959287 322511 180074 996695 544632 634963 117348 638334 747273 817191 591642 160819 310249 888714 212727 337252 641097 273669 311395
616374 152979 817529 963660 507439 442343 368322 244387 681484 920201 868439 304288 192136 832390 858344 986997 230967 285848 815100 522957 392873 423710 473276 611277 684514 439370 414418 550843 103226 222180 768678 232052
110625 111179 441603 190390 914148 539864 987714 234944 549843 714014 481480 783833 402414 753304 598716 261577 461488 640332 128484 401158 657680 227483 382723 312891 568824 514219 842820 517439 873968 501188 644978 542625
389546 999806 977545 478085 404689 341392 695041 632513 474064 177341 198978 176189 507894 575252 355829 502393 516566 873824 535251 953290 156767 661572 503286 348746 265128 547179 535362 342828 239207 428622 607065 631538
118130 138704 843135 876347 867736 698385 123450 354655 405023 860482 652205 146276 159961 482373 525805 464726 448782 788867 325159 406048 694188 125289 463250 657947 382032 948114 451067 213563 194857 720582 528877 197396
739685 685110 287955 166817 756032 776275 165379 620240 380983 761401 322437 782118 955173 402102 536750 596466 798006 913431 302976 279972 970052 792553 119706 108677 317394 758835 437766 340183 562089 600322 409774 778865
651866 480556 324301 115345 976722 365768 304525 298372 956843 699025 484335 524206 402194 280612 189296 624765 385793 600574 209611 419952 583127 710567 642540 335761 569674 499638 974406 153309 562822 837637 343504 577525
467514 476039 226421 781215 949650 814238 166664 984482 293976 288113 624327 209339 702946 803286 966271 925256 686078 600893 483284 396493 949974 649055 413740 255462 830564 458083 633886 445295 853831 118198 816927 381280
101791 879763 783888 231619 771630 353874 202992 438348 481668 473386 116335 987981 329548 357667 813597 451865 524650 692969 725845 332951 924785 679958 858971 224308 129346 202150 185968 162038 863213 258827 856585 489603
305335 780750 353754 255165 273735 931333 107470 436380 301397 534613 300047 381705 155783 560650 414818 205452 904744 776769 803960 322840 303073 161347 156512 610082 409239 616867 772762 793353 892979 182194 874019 866521
582021 606894 267820 116242 992723 222694 355160 248688 803829 588947 821323 306137 546250 603767 540689 327871 345277 932689 333588 280034 434986 994680 542241 478941 981857 813973 893278 478664 492494 437089 774154 285266
