539789 241708 389181 168928 129202 849117 225039 908375 141087 387421 865001 435555 200908 682674 205789 267250 415187 479203 554299 530482 971569 663014 375678 177356 564664 378484 470236 680030 946011 917422 321565 693032 682679 538050 174939 505439 449129 483585 314747 308613 976006 647530 913246 761239 167811 284042 613868 500149 291583 275399 424089 376366 541969 509643 929550 756416 339195 782361 223880 166334 137630 716060 361015 987776
132564 329338 591157 771604 551639 423828 775351 463635 700394 298878 396786 380712 546980 974589 952260 652614 676455 320002 395817 905010 629856 706708 308148 162749 757927 757963 116070 810844 670524 904279 133728 435633 313661 850777 717955 177525 731702 788611 128330 424547 843266 938134 302954 644187 270425 921169 719884 360938 682542 993992 298141 923013 132518 488427 438897 609989 699012 230620 530348 965324 375330 444465 851285 829723
626804 793012 874634 992609 944248 846277 130194 108898 851230 854187 397890 285117 228756 722713 652880 779715 756730 311866 404536 520701 164380 927753 276432 627597 751708 974392 428216 281426 736731 775642 799964 650884 927233 756583 355543 506491 511678 594639 717347 155252 125388 881773 480680 178374 815643 538703 897005 616215 733295 376786 760504 371101 484403 696448 138569 374160 135731 123855 542480 314252 404334 163089 332120 346585
915885 860725 987956 567277 817977 153670 997581 553482 743998 212375 939395 666457 983785 449133 887601 561478 785125 910907 269211 555177 410668 845150 775953 341584 512381 971775 939126 847898 108293 807371 944944 562973 521872 977755 264405 204623 645178 813288 546090 113878 450369 899455 248129 562346 152304 873531 167585 721237 926511 674804 650498 130793 345088 709977 144995 629774 217433 134817 985425 384689 124508 193245 363036 312935
774193 786573 588728 852021 200593 308764 586363 721396 556649 623545 910467 223481 694679 707399 546471 258378 826803 330143 427979 672527 635917 103208 832102 492077 231239 986338 141871 270186 829786 469725 938108 856690 222174 772803 140691 697985 801792 111144 573638 992337 793917 582422 443310 725124 667844 741251 527257 365890 602917 409401 911904 588505 903083 217489 100579 840034 642700 448532 909000 105262 696363 722332 711196 641394
928192 699852 170896 140291 147257 328407 329848 641633 490417 405748 860782 215424 946218 345713 846178 349959 418445 863281 488952 682036 368927 109528 422559 445231 556545 612102 680461 976611 218115 756187 321664 120259 430331 962224 662148 233059 699298 336505 279800 913197 163255 905812 239228 951573 102036 632164 461880 418869 714101 308146 493151 565549 216012 515209 960087 389114 407552 209656 511539 982356 552273 362452 762029 860261
852996 914250 914649 949791 218216 908402 912879 923416 425560 890131 439254 501692 129291 442671 635743 270538 452805 762951 336953 419910 750717 258897 632570 776464 252856 651589 188042 910130 503290 231569 719841 852883 875915 877112 782738 894424 967294 375213 696019 218467 472356 240834 261436 926817 369211 200810 569740 288946 592991 198306 332201 415617 230915 425565 125449 851285 709481 800883 277723 566851 324985 921237 715561 177331
976442 310567 753270 357725 775293 755681 516202 748215 935101 601342 996033 977782 542315 649837 441292 240725 875836 612680 862035 998612 356342 769178 466523 713998 233928 554895 252459 817407 237157 431494 751283 482270 841541 193018 707889 777750 339320 825478 116834 732956 937008 852701 505351 295783 347558 507406 789409 472558 667537 522376 400912 112931 714013 316657 776846 212391 339202 984505 518160 124741 937298 683863 347417 612270
817792 616398 826267 680592 914928 899706 454695 662416 825293 436942 565908 588543 504315 858715 133088 806359 996659 451571 966039 313135 550424 370391 959870 646344 859037 171143 651052 440621 798202 200323 330789 468425 610284 383793 238503 381087 170342 889054 224063 991180 779652 129711 288013 314199 180736 163778 708076 743059 320642 283545 372968 125173 421198 691963 937517 750736 462321 657271 352589 188711 813961 566810 459813 277740
734323 268517 565377 564807 805347 905977 435654 563739 675541 316092 724150 189131 310428 708966 487149 253185 311732 557292 968653 544889 482409 664535 497312 244427 388913 472539 724421 903763 151375 256312 103921 333694 341750 807112 344871 769861 708192 184327 707854 591483 738835 989014 332627 474530 555689 992277 463521 394751 436392 646648 686184 928269 787818 377555 547781 221998 850712 535114 396398 465463 524214 437647 254795 863568
524983 493991 243734 370276 387863 217600 828412 175492 533519 178480 301320 796744 991693 121453 354664 144726 276142 302614 494283 654422 509508 732145 552106 792207 261221 414598 737666 890052 157782 914663 194539 808030 367266 878998 948893 982492 294157 255891 372763 496389 184552 205485 436348 797708 321249 572813 828349 145352 690878 185759 832404 535667 474744 985425 555294 804133 713848 911070 864492 155764 586146 267050 944216 817536
642825 129170 573122 615061 386281 139369 214320 385135 366116 642316 803152 264600 893334 395782 222080 449964 910811 854925 196191 184673 251526 137632 126553 463630 831262 348137 432355 360056 329068 725362 162126 212181 184858 891601 761611 958030 790895 448183 375003 363114 335540 744548 143110 822171 908138 826793 373364 808277 133645 477807 316871 443563 472862 837475 587400 135376 171840 957403 685730 134488 297092 767339 722603 374392
258326 777762 208962 487556 155750 983611 684855 413505 747495 756468 714476 863170 615191 349049 114744 410638 584576 896381 979939 915601 157201 580093 510881 396443 172751 954116 661920 504206 571601 460104 740410 971668 713981 563833 657623 684979 773653 773041 680358 476142 283231 672251 777163 545346 192031 826141 832525 269870 668354 234758 971313 647401 890078 671223 949345 425300 950698 352249 972237 635566 131253 315348 558593 426319
563816 194561 450185 386957 886794 917517 711355 198814 494696 949637 270822 102896 724523 997193 184589 524537 549700 640487 374114 498856 544163 590902 963234 195854 754487 573461 518979 294007 371816 700066 813773 641601 887481 550474 410964 723338 238301 151551 446002 562984 703204 798593 708380 324687 594787 272974 328266 271747 144228 884580 128437 301593 943734 601379 891040 263385 926007 644932 221974 448511 567238 157910 771747 554811
721748 170874 879064 767773 692096 560187 798326 444306 818987 446780 372997 786312 152572 197134 758131 426062 263278 247869 562580 614569 697526 424103 472996 788683 971045 358980 283012 706827 874787 416837 819704 494834 748551 330589 528876 181297 324421 748442 638105 247471 333125 969993 998480 351156 917815 608500 247931 898431 540612 152570 464253 388973 764348 175179 678806 454559 432487 163475 786177 904038 645615 119421 543622 609251
128000 599540 565626 605185 355085 940849 127528 626746 200336 738076 930381 181012 561627 183489 316008 256866 463431 356351 473436 235651 553795 765012 985879 812899 571293 303202 721322 908723 698555 876066 912874 176270 115767 181272 463352 439354 137352 410871 590767 976807 378446 650280 929317 432832 943342 994832 444206 215263 575495 840623 281680 418053 839322 552163 155673 711593 382188 781752 284146 386457 581506 123025 321550 636089
845090 929495 346892 517575 925009 780168 909946 952604 633103 193085 432073 659017 953137 393165 960610 189658 787800 586243 979908 225891 278158 169731 911088 757608 179267 773146 708858 234771 222725 685938 717881 379759 751550 815407 295527 393698 584883 868116 195360 725607 187872 379339 680432 301557 361407 144755 453129 368130 377554 472095 764272 661828 727515 474978 634191 525071 685163 972819 327135 372236 667663 235306 802203 206138
695995 701707 385441 597447 310810 289518 467022 965201 192433 836322 467245 646090 229514 107926 706743 267295 759129 523405 242460 269072 689553 860680 489195 918635 187696 515985 835387 371153 460263 464298 946304 489948 157856 421769 860651 266095 603886 326479 749663 584764 533615 331543 702011 782171 993801 200327 644478 737243 903494 454038 929635 168699 238480 436702 937557 255454 153405 495368 466282 850703 327349 602838 457765 331861
526611 858566 974408 195863 461677 452300 574736 316521 360659 213634 971618 214366 970664 881101 681514 374210 678164 294254 405388 553741 499563 826211 548967 743472 597475 329091 695004 666840 666204 654681 970623 327006 336456 991881 870839 631386 864484 244605 736389 175665 108360 200529 196890 975256 604853 238761 733643 203870 285638 406794 806599 768751 116138 482613 359077 624502 893876 433563 537974 575369 498806 773678 964854 631034
739927 520898 573835 511665 328711 545564 738125 660362 890204 996346 503167 311730 421949 735903 100705 180989 272578 125974 290019 882055 818359 240961 771439 811729 525221 970143 434452 686711 778036 170053 184254 455763 101629 462152 660818 789670 303624 919434 901350 178883 948912 922561 417400 261715 519895 413401 760220 707367 786239 694897 771959 620621 990794 549026 727568 806337 426686 172190 847911 866190 522198 989768 270251 501757
920964 419175 841821 407173 978104 835117 988984 891841 603820 709552 346456 703302 717032 572167 668611 462157 617262 285570 712037 888172 386010 779378 322441 502146 625217 710098 980808 205101 196167 752656 350711 589290 620444 458230 985929 215395 828061 902601 565476 623745 284407 992560 110357 209007 634773 400995 162881 116942 943251 687281 515895 644797 194929 122311 543173 333034 981363 633127 998591 650836 618062 643044 311281 545828
601865 790431 119405 409883 929300 834085 922422 891148 449631 700395 124902 436831 206290 242133 485798 626000 934810 927593 609508 720004 760277 794193 194119 763942 619663 565213 999293 240463 538778 199351 590247 980780 202278 840650 440720 344240 551201 926173 169747 293601 242664 738752 111518 691515 290096 228386 548667 991843 481231 123254 214795 220963 289182 914608 780964 785238 851402 216539 329732 239959 630617 591822 312877 772861
469348 376272 524017 498970 704737 300053 756526 239645 188114 531446 734066 208198 269033 774787 968719 542934 116538 631691 616402 368384 370407 133804 272250 603105 488939 876347 327147 137890 152433 369228 935948 311622 193459 674600 265789 429400 956349 621128 228301 924952 504250 994519 781379 483720 990548 521454 759804 341717 364580 429041 343618 488383 456423 935505 363927 949727 590727 180673 101523 161654 238258 300800 823692 400575
490602 409476 169347 434023 704883 759365 896211 431941 218259 179545 396647 450261 799119 480386 207700 310120 787739 790714 794387 755178 691365 740576 973180 243922 932783 985389 392770 134315 957425 887938 842880 972029 291689 426600 247001 744532 292573 368725 177768 958902 869146 984751 279472 639985 753601 395287 773977 320664 339782 220465 516337 840521 325301 805928 294361 145995 607897 730579 819325 217322 302009 727282 906896 506369
471795 497144 284984 218788 680401 566977 491445 719459 259880 117085 201699 425605 122572 689025 617537 868869 628421 361322 370529 771863 783923 806722 357435 773821 306471 409887 666593 485705 464950 799060 891132 178866 669806 100844 160847 787425 276359 661193 636431 842108 796474 193336 912116 990714 334112 915949 608064 837883 271678 921708 295950 686999 504946 587118 890704 751107 935625 522078 921895 483296 673078 866362 837352 184845
482103 707644 254938 890724 121243 791542 115435 692766 994288 103247 874577 117825 841535 584824 243124 239513 931864 995108 729352 626032 254287 286987 643335 862140 898510 930478 672947 850778 337800 906435 839272 638603 117686 677244 148114 146593 337469 742578 155259 400625 707954 831386 429291 590375 410268 952012 236761 970537 924916 942901 305146 722957 176067 840464 957627 113832 320960 688295 650407 926828 797132 995066 886749 219290
437398 690557 840269 629050 518954 975585 520189 593711 838047 994104 902555 660599 707363 652452 866308 106679 948970 498517 761875 691475 544064 718735 587203 795482 808101 274713 314730 571517 937489 978123 398321 739436 163158 235754 273719 133396 231698 853355 463556 568412 398818 367983 756158 301807 187033 908243 573612 524283 167664 742630 515587 484625 571241 925266 384283 924047 905080 916759 330196 253171 864640 968650 871532 679956
994666 511577 396477 821919 820274 333140 819454 480639 880229 672443 842973 522461 377511 322306 988716 913292 404452 445506 476075 352122 102191 761665 299720 492036 799792 926945 881472 950707 302801 546322 576949 531271 449879 952402 769923 444509 498803 328186 171920 943733 206892 271872 839962 952395 728305 791737 693730 966408 479572 173959 772477 487762 929846 966636 969450 382619 791835 895190 948282 602489 936149 234518 934346 547959
147681 448805 990842 953792 379768 995124 695813 256627 107136 631650 643505 632823 546923 978218 388164 304419 837703 177515 551126 633470 325156 246005 482645 212429 512964 788622 467705 220032 984927 541199 590866 750035 507986 223102 919287 787871 168217 244247 568574 125507 748610 893666 874334 911811 442955 429118 340349 631906 558729 946034 509117 148699 398383 544577 130269 175268 602746 515848 945590 342955 158484 843868 416229 204087
369480 754868 809116 978862 543178 826291 594283 982343 128345 354723 628389 798147 580746 383460 623384 787814 805958 230200 152185 310225 370299 887545 200382 126171 137665 289669 405544 867053 564601 769872 473176 721857 722538 354109 508909 542653 969767 889475 870815 650212 924833 692375 709079 106612 332623 164427 466367 382471 250617 589331 359902 190281 582564 211913 419587 712732 203015 362273 497421 741998 455818 934103 580428 876051
672107 821165 546270 915525 466482 602996 550455 718905 664697 945176 831787 754970 133455 848496 344205 817923 893482 364440 694125 317995 151582 354746 740957 162139 258534 126656 356527 210868 277474 255953 630847 259205 891885 954711 373665 254845 598234 307402 158555 180726 343371 648899 918117 541154 733712 969273 559969 203407 754450 876107 871255 887280 776069 882478 929768 416031 462131 551724 413294 393531 470335 990343 164779 815245
599677 547319 769737 385789 420598 297489 319481 717215 797844 541134 962142 749949 503033 479664 724938 225889 253549 873641 306984 517670 680802 165671 732300 503322 743128 880184 608005 142751 546614 311645 775265 345980 360502 324958 824116 243267 638764 817076 803636 630404 859673 344563 228625 287358 904513 219759 198420 896957 220140 147676 174736 366902 314809 318399 340398 299215 905689 450607 739563 445365 421666 347923 524533 709345
533573 908579 697635 174563 218120 905835 418217 939848 521938 384658 245742 331446 809967 470701 831306 533854 177305 627502 906413 226063 854610 240723 692343 203653 485761 262560 412790 460356 184118 671989 460712 318298 442430 445942 225149 534703 974132 146657 527916 443020 807701 340860 631016 496861 467189 497654 493005 932094 975458 528122 280411 833615 477046 987095 671052 924761 482207 354715 987774 347583 777574 218346 693738 864041
877735 267810 131998 795883 918269 495486 978441 145039 366027 132316 709811 834001 274034 704367 854672 669308 459812 838362 648502 347893 516374 288038 548105 662684 804732 312342 711926 216525 748413 725116 181327 947783 718779 541990 430462 691254 878231 619220 513726 733564 629173 918992 634866 807325 198458 740865 928440 841877 662055 790601 406806 820940 482289 537145 436748 420686 398224 806029 507623 838116 155130 715436 800686 966966
798013 437521 291101 521295 160738 745778 695782 306823 782857 574564 507719 386389 260176 192369 948283 108327 375679 458831 440819 374296 487473 439164 993268 652906 849930 503609 394951 689579 357241 865869 116103 841764 185111 949197 290316 537550 595021 571486 435130 565262 797579 713251 641751 182109 869713 684451 749102 914797 896160 235352 255687 606068 581334 236992 830405 390389 336394 571502 161789 599932 451796 727512 327622 906064
360506 502822 189832 652414 587266 743028 282075 930001 727434 881198 703713 611004 854788 961156 874879 579391 909566 303595 701212 513164 748292 791029 916807 362694 958466 169321 110717 752920 989843 726914 705530 541853 628358 548154 281256 386212 498310 988405 111938 999020 970173 980003 273329 315332 112371 323795 643034 562951 798915 244508 298154 398870 264532 361248 475086 275203 831318 796283 717825 419168 414974 319290 941157 770322
276174 905573 364494 110610 750777 505527 561955 390431 146558 581706 269737 230728 428540 611251 266035 380605 934219 888472 812234 217936 802053 905551 808422 768472 710368 399773 754042 867550 159767 414554 343576 612970 377085 697661 627932 893475 660375 689834 860126 434236 967819 526300 599241 809591 553494 802160 852162 245729 302876 700707 256600 915287 742981 260045 964877 577529 249849 744759 650775 351096 611424 301439 165730 229611
833118 687741 286999 279093 751228 376776 249658 282522 252146 587419 127284 853899 128504 133646 397620 186397 883834 140696 497937 512810 777471 314087 541082 177264 150545 414184 931842 798353 154040 624641 774120 312701 647244 567677 748157 895767 785873 623226 607938 482445 634286 367690 255720 450090 642303 637287 878389 608449 800821 684089 399209 548311 183012 237620 606853 282824 875881 632687 105289 831802 788354 513984 663416 635180
804098 252057 814302 419481 568289 778926 734092 120862 750365 396588 583934 308350 445148 599596 528730 286593 227276 824866 634588 445098 585570 418308 590908 825397 601810 775315 425666 394992 929777 876181 855302 330068 412335 126477 346506 355594 549598 574712 394864 893280 986022 711404 309858 743390 419164 690421 459391 416675 510346 839891 588199 231229 440615 125834 898407 611500 560298 633495 341419 455345 150217 233691 897798 606451
667703 113498 963213 974486 225075 154841 325141 889998 237632 435552 165090 932672 765778 740210 575438 181763 387937 461641 608951 895171 793256 701283 528746 723654 819498 698768 244289 299242 842119 303763 941084 960081 650502 406523 707654 662970 758521 356036 596523 930284 446742 601824 794726 785816 705710 264574 433746 300815 349403 566400 762665 699673 248898 465505 913033 532427 367092 508897 244519 323055 902099 116991 722853 835256
854912 619185 353551 625683 399749 890978 944781 922281 782557 944775 219311 764044 976992 201487 860721 709735 262051 779913 627531 980505 899142 712946 183104 888309 249398 456894 515554 903496 816486 576010 286685 278441 825269 528519 558991 126793 310308 696366 522989 860928 542457 966832 113400 218331 663405 605859 484926 384279 837708 812513 697261 915291 477806 102549 606088 687196 324592 338700 184997 635316 441830 786132 965288 415213
735418 552990 294905 692862 947675 833421 176886 680774 979153 827496 701662 633388 194493 395983 815751 928094 940375 690813 564249 818467 134233 661027 954749 409434 699367 705286 783293 247064 132526 156313 568221 777440 947535 637669 572465 230443 436122 480450 941936 630491 979964 893879 742627 692169 931028 844465 618701 510263 457375 246004 530826 395176 655768 445966 822355 508506 461707 344691 893728 630649 628586 896553 836112 774794
113130 688845 922412 532755 294994 593758 948387 391236 928417 695640 940412 476969 902825 624979 885880 410309 653253 377565 790309 158154 800401 935689 121613 285738 840604 886585 553064 268562 456413 702541 633399 188605 919539 808974 311680 378247 841282 896034 872360 928912 921027 867576 657581 243153 214531 691592 237813 677625 216952 326045 409104 672680 259159 294341 203181 896379 201604 411977 220645 442572 197239 767977 135390 283729
282825 914242 624211 191271 686022 573960 875224 837774 246941 775266 860108 944689 743721 670045 313832 824531 745828 137270 878191 529356 965440 493543 780307 108453 176494 793583 426740 591647 742605 310272 135909 769159 862024 906177 846939 360531 799939 905212 503722 920360 975732 253415 329357 566950 281956 416668 261737 800697 509930 645746 780490 791307 978137 145450 125238 298133 432997 872748 109514 311345 714690 425637 158376 991945
866270 856408 603983 155695 689875 943816 637053 692393 560532 576471 695630 900317 120585 902191 715918 652192 292742 953083 296109 792512 309864 632793 364329 855007 769181 831048 897985 509746 374342 585814 796764 877374 746878 194943 279680 162036 335571 948052 530679 371433 230034 793704 193728 976336 987164 203278 114186 676646 777510 499267 216540 883582 846703 815644 311295 128849 290901 499639 700370 644720 980010 457803 185260 938482
202896 636512 383860 225711 471442 482056 604995 807486 911655 903104 790789 280976 811534 340453 427028 110271 457711 715128 108938 434359 581724 701185 413071 400703 363258 868799 595245 358609 651713 864666 420044 242583 438018 658211 282645 186196 296521 167965 596346 644200 931343 423414 732360 810502 682391 824978 731647 937948 144541 322717 883319 846279 666287 860878 732595 942688 488703 759323 588789 573538 977261 681655 903903 829914
917709 725500 521941 359888 245674 402001 414566 168708 377636 528805 746824 996695 428985 104240 813263 651828 316018 154137 692873 880051 409997 738858 744430 640055 768602 458983 940240 293397 193514 707551 717778 743971 983553 739072 574976 969698 850987 465907 590929 618375 151317 987339 769054 687720 623828 788568 574486 670034 462409 335887 510572 224099 977839 356213 225417 799998 609605 429779 533548 285148 828622 413958 774177 327381
694718 594330 959461 839705 621559 861613 974306 435570 486778 212323 267717 384593 421772 192932 403640 583035 938075 358559 842124 272748 500083 460438 185391 505532 187279 201922 510293 312118 756508 312268 389208 844621 385810 987138 800730 102669 240303 142925 279400 341885 310516 154001 498620 900312 224134 903066 675152 296561 125557 765088 847700 390772 375599 180858 913576 322759 536159 666189 877991 184921 417770 993700 272004 261035
819058 337164 527072 164543 551191 698432 181975 580873 773509 309163 761530 829731 464314 343617 931280 704429 683794 498307 278442 717556 997419 211029 567207 616091 551702 697028 795500 812807 636892 627777 122104 515045 347724 611456 509448 159603 975261 497464 239664 392707 261289 804229 430999 263238 878902 159075 102474 677765 110752 199496 249848 826889 761135 866617 890519 407626 844416 103493 124326 276165 919407 639376 137789 747930
916334 951635 598871 617554 380524 225697 866830 955105 342111 275051 548112 252425 571615 780203 187550 253205 429666 645034 577688 528496 777429 544341 110954 478960 903880 571429 364808 181367 482571 160784 729778 273555 588956 652793 962640 988434 187025 602260 604895 447115 110864 256866 603579 212125 382785 519078 682153 276785 793381 258747 268417 235199 165551 970926 700170 882070 369523 285325 998355 225201 295452 383329 456706 987933
373254 676872 226573 891425 137579 434646 818462 313970 533075 200799 302964 615121 761081 942412 968541 274617 893941 497373 284267 537226 827310 960248 334281 708151 589042 250102 600675 916900 921881 820742 270152 853814 293687 243631 107632 498028 658312 198392 728750 986843 423799 625082 219621 132043 711120 579080 782841 609700 992917 992640 108674 147773 480256 472869 203393 591501 182788 117641 308268 467034 285895 195649 524932 269965
678727 717010 634370 891089 276485 284317 542426 946714 717938 596817 482043 838047 597875 524100 166456 792794 578595 304661 955326 260424 930950 893138 937417 563655 962925 749576 222807 309673 662116 676175 904793 420243 396728 572938 862983 358509 687908 283451 621678 646384 599128 548027 778165 309348 492133 573450 254930 501529 412419 583455 999382 176391 468366 890095 792030 795618 805541 861875 731661 260992 800461 262695 499517 322582
897710 338736 404715 850454 894811 764274 974818 997699 291203 176057 594754 608643 383217 184425 205938 580262 196650 355926 296361 498481 835407 955020 614184 876287 412169 853792 511190 448409 867490 241528 703247 382341 827356 127847 638965 221409 257436 273062 513388 666995 806497 477071 426542 534893 686038 379161 116526 310542 982560 631385 361453 913893 355542 930752 783706 601839 388110 344525 148226 391982 225061 140889 555513 124776
438915 174177 841775 871952 148922 410764 290676 815071 905627 203743 239324 517535 146108 987171 978036 528815 565220 134495 161747 583763 404128 829459 793121 794236 962364 661540 281785 847208 582980 586885 918840 377713 725042 772596 157034 777747 393538 720341 885496 532150 767500 750966 409174 463097 551400 552908 209012 561016 823908 804810 874212 686157 151082 746727 868110 980050 573956 464720 681695 627195 608462 325761 141812 869118
972697 725071 196825 815439 915160 298048 804328 793017 925310 219887 686185 467572 845018 182710 601102 963670 142775 144704 104127 337996 976351 249893 468507 355877 117108 483547 718706 849684 632565 153106 143952 700360 855704 133250 862466 996801 835606 959841 510567 608003 141576 923789 654644 617854 941387 971819 880649 122425 584913 146303 139958 108189 231737 189977 486254 209987 258243 704461 622709 375044 284833 466677 949746 174737
264896 552802 277333 806254 258906 492980 459096 330410 837624 728367 489020 897340 611449 714214 419801 241056 363914 155391 949633 301643 958411 145002 421399 404718 339695 989052 182176 493058 439985 868553 778730 466083 564513 416544 347906 667421 260164 479954 363128 516396 105554 141051 595729 695990 960699 355389 879848 994799 259936 189008 849156 184214 568997 646501 826685 678559 722653 644260 191980 958961 332605 673739 161398 249548
524327 767194 541938 498357 606189 453171 473514 355975 440418 480815 824848 777838 916220 930844 594846 818313 470774 628939 875235 876873 714700 755472 325660 119172 500387 672431 672249 267701 993658 267531 776836 162688 998786 745679 566728 550049 823915 510935 977844 412857 692545 524881 671688 423531 127093 342013 491808 416421 432877 230698 140422 913494 628883 562487 674983 579319 480189 868558 271715 213569 571560 414184 238194 223759
563276 343122 535459 172715 488541 722168 309360 495458 221296 771019 825112 812454 542610 327519 178809 474658 623959 489330 970811 755460 532078 307721 562787 363431 365274 565290 764119 684989 535663 798934 850259 126306 638702 370810 548252 352273 539634 645186 711649 862311 153180 639413 731136 408655 321604 547906 525368 717053 329123 639045 735159 215410 720210 518866 777055 891306 553889 433468 910146 551064 171267 327302 207901 927368
607815 386772 949230 246251 308889 286158 940376 531855 621623 186404 996193 675972 751014 723227 378438 193372 767205 210668 438973 649087 711618 210485 559638 826777 302061 888161 269961 791925 629155 130018 858122 374506 925741 564756 338785 328355 599853 772722 942563 196619 396631 576361 798950 334472 265276 955916 358910 546320 442084 885388 562130 695935 294742 147783 875893 632583 779805 142897 967518 243115 600697 483375 123104 293944
593948 295735 175989 381886 523941 790403 132416 669425 988161 712122 546503 380778 743248 568320 477010 765033 665739 536020 921883 276564 518514 792010 592806 671552 288833 919967 649543 160375 238626 879086 229483 603540 964328 742415 177528 584024 899642 785174 800447 804674 473392 120573 593169 137431 455152 804894 125163 233415 115495 507996 382501 562911 109635 854340 953694 210642 363916 541852 935752 483323 570531 976753 142014 705045
191591 815435 531455 299519 216313 518512 331954 850081 924035 345267 367983 244859 196178 144170 271878 504538 599937 814735 355104 558377 316758 912855 315026 876400 390660 105733 579136 189186 800907 680443 149755 799305 182926 538661 429371 822064 327987 914363 600334 100439 647184 831911 719154 689642 220089 715090 108479 118911 596769 231383 843618 415706 317786 925621 256991 408221 430740 742134 933757 341011 696128 927045 561450 931009
627532 293651 351824 794654 704634 208583 293664 667873 827494 429619 254429 385265 370555 465557 113295 117819 857563 436310 277546 130979 945312 572491 292194 162450 581951 887222 657629 387707 514120 377339 899406 938073 501011 485378 800399 309547 899436 490680 606924 143824 556397 244153 630468 745877 826315 947919 789882 508217 692800 625099 877295 634768 684383 586577 871489 934867 458529 556348 559180 449516 219746 683275 986584 346658
562873 609148 503896 551651 723549 186109 227373 791061 401869 119700 833861 398220 839522 113128 839288 869492 295794 879891 891433 496707 222448 666683 313333 810115 683985 974799 624311 486974 535451 595888 854349 537004 696024 714080 290429 183832 769375 645693 581237 119059 199739 382916 607144 162800 278244 709021 994266 340911 127908 666957 600015 476138 419530 212492 375511 328370 594089 427798 854128 939464 741148 120488 490254 884001
778941 784775 248325 718519 732943 445140 498429 631175 382615 551954 947584 237257 393357 143345 283598 714354 888896 996413 937542 181226 610266 553844 752020 694649 854625 319758 203273 310385 558781 938462 380405 410093 545863 726065 667490 784583 483029 316687 609557 407813 877527 598292 471040 213118 441514 223485 850931 325616 144311 891457 982333 387271 155620 454313 484959 995521 906197 279350 395158 448304 406311 589074 991165 584093
