313328 804404 525729 885832 483218 458197 273991 281260 785621 238566 706391 475240 302121 873565 285150 957463
792764 588889 434731 315165 823857 920341 905240 602391 566048 132339 821093 959284 159311 319124 945810 499757
872824 588874 858707 836398 774568 843193 760900 435197 390827 421873 919490 996179 344328 363000 490941 921787
511746 841327 291995 108946 663380 834048 343719 196589 761439 341781 645398 275257 672479 949135 609327 296735
746750 804091 145534 863980 347083 481247 605435 285016 883357 499822 811525 630770 130062 713975 892687 172682
560815 296607 852934 289561 410562 189879 332217 137725 616690 540905 361189 668667 138347 303998 547459 447801
719122 829908 363676 134726 444425 187569 936807 996039 672606 334838 193590 381761 794975 248342 392526 145551
739005 776984 262275 462070 457980 884169 546341 126406 267526 494082 152142 518500 613088 799061 582377 734173
353736 307349 825330 896750 141632 191369 585958 484612 999571 793144 767423 491845 939139 496203 319741 849246
168672 990826 129436 326366 699857 798621 908834 764931 432822 888880 864661 937147 815139 116343 864009 637580
844381 100052 550355 251271 968910 248615 655255 440496 446991 175923 633239 699819 680856 574844 730483 209674
115882 597395 172668 208411 310930 424506 278614 868152 717377 657595 794541 770679 110777 793585 989872 564713
154687 146663 929237 299799 484389 214598 955274 170171 703224 883955 946970 823213 341209 802142 510132 846462
848313 258038 390619 915160 871994 232913 731113 329095 713468 558315 951303 188013 813540 645250 173226 398198
589689 598080 800959 178141 136191 930735 648540 458691 679601 376088 391775 402685 326397 528361 302011 319360
975420 510861 845908 266750 292343 907204 920469 109042 136161 305281 504007 349798 649142 723582 591937 228076
